1208021
1208022
1208025
1208023
1208024
1208026
1208027
1208028
1208029
1208030
1208062
1208067
1208078
1208072
1208075
1208074
1208033
1208035
1208038
1208039
1208037
1208034
1208032
1208031
1208040
1208036
1208058
1208055
1208056
1208057
1208053
1208054
1208052
1208051
1208059
1208060
1208041
1208044
1208046
1208042
1208045
1208049
1208050
1208048
1208043
1208047
1208106
1208105
1208104
1208109
1208112
1208107
1208108
1208103
1208070
1208064
1208079
1208080
1208076
1208077
1208071
1208086
1208081
1208088
1208090
1208089
1208066
1208068
1208065
1208069
1208061
1208063
1208073
1208083
1208087
1208085
1208132
1208131
1208126
1208123
1208124
1208127
1208128
1208130
1208129
1208125
